:Product: Daily Solar Data            DSD.txt
:Issued: 0825 UT 26 Sep 2026
#
#  Prepared by the U.S. Dept. of Commerce, NOAA, Space Weather Prediction Center
#  Please send comments and suggestions to SWPC.Webmaster@noaa.gov
#
#                Last 30 Days Daily Solar Data
#
#                         Sunspot       Stanford GOES15
#           Radio  SESC     Area          Solar  X-Ray  ------ Flares ------
#           Flux  Sunspot  10E-6   New     Mean  Bkgd    X-Ray      Optical
#  Date     10.7cm Number  Hemis. Regions Field  Flux   C  M  X  S  1  2  3
#--------------------------------------------------------------------------- 
2026 08 27  122     76      330      0    -999      *   5  0  0  5  0  0  0
2026 08 28  116     92      340      1    -999      *   1  0  0  2  0  0  0
2026 08 29  111     73      310      0    -999      *   2  0  0  1  0  0  0
2026 08 30  107     74      200      0    -999      *   2  0  0  3  0  0  0
2026 08 31  107     81      180      3    -999      *   5  0  0  2  0  0  0
2026 09 01  101     55      130      0    -999      *   3  0  0  0  0  0  0
2026 09 02  102     73      170      1    -999      *   3  1  0  0  0  0  0
2026 09 03  108     37      170      0    -999      *   7  0  0 10  0  0  0
2026 09 04  110     72      260      3    -999      *   7  1  0  4  1  0  0
2026 09 05  111     70      380      0    -999      *   3  1  0  1  2  1  0
2026 09 06  110     83      570      2    -999      *   2  0  0  1  1  0  0
2026 09 07  110    103      600      1    -999      *   2  0  0  5  0  0  0
2026 09 08  110    102      575      0    -999      *   6  0  0  5  0  0  0
2026 09 09  109    107      535      0    -999      *   3  0  0  2  1  0  0
2026 09 10  115     90      540      0    -999      *   2  0  0  4  0  0  0
2026 09 11  110     88      440      0    -999      *   0  0  0  0  0  0  0
2026 09 12  109     87      440      0    -999      *   1  0  0  4  0  0  0
2026 09 13  114     77      420      0    -999      *   1  0  0  0  0  0  0
2026 09 14  104     51      320      0    -999      *   0  0  0  1  0  0  0
2026 09 15  107     23      270      1    -999      *   0  0  0  0  0  0  0
2026 09 16  100     23      250      0    -999      *   0  0  0  0  0  0  0
2026 09 17   97     11      120      0    -999      *   0  0  0  0  0  0  0
2026 09 18   96      0        0      0    -999      *   0  0  0  0  0  0  0
2026 09 19   97     11       10      1    -999      *   1  0  0  0  0  0  0
2026 09 20  101     54       90      3    -999      *   2  0  0  4  1  0  0
2026 09 21  104     85      140      3    -999      *   2  0  0  1  0  0  0
2026 09 22  118    126      270      2    -999      *   3  0  0  1  0  0  0
2026 09 23  121    142      240      1    -999      *   3  0  0  3  0  0  0
2026 09 24  112    124      390      1    -999      *   1  0  0  0  0  0  0
2026 09 25  105    110      330      0    -999      *   3  0  0  0  0  0  0
